#[0]step() [1]time(s) [2]total(J) [3]piston_electrons(J) [4]piston_ions(J) [5]amb_electrons(J) [6]amb_ions(J) [7]total_mean(J) [8]piston_electrons_mean(J) [9]piston_ions_mean(J) [10]amb_electrons_mean(J) [11]amb_ions_mean(J)
0 0.00000000000000e+00 7.00062278065216e+04 1.26800757923692e+04 1.23967616788296e+04 2.24681375524604e+04 2.24612527828624e+04 2.40434613611170e-18 2.43520398828399e-18 2.38079361483465e-18 2.40268037519968e-18 2.40194413701518e-18
51 8.30396554416223e-15 7.48256068607582e+04 1.73121163415752e+04 1.26119990126514e+04 2.24416679628433e+04 2.24598235436883e+04 2.56959243901919e-18 3.32378862046495e-18 2.42140348253641e-18 2.39985460102741e-18 2.40179129813803e-18
102 1.66079310883245e-14 7.95906637270482e+04 2.16923469760439e+04 1.30140831758446e+04 2.24245609331405e+04 2.24596726420192e+04 2.73279164323790e-18 4.16288541473098e-18 2.49747697188547e-18 2.39802922462942e-18 2.40177596350679e-18
153 2.49118966324867e-14 8.27839841183931e+04 2.42316823528068e+04 1.36514089773942e+04 2.24413596494746e+04 2.24595331387175e+04 2.84190420942137e-18 4.64776026901172e-18 2.61840987090248e-18 2.39982964804918e-18 2.40176104540526e-18
204 3.32158621766490e-14 8.77385287016238e+04 2.85736537002751e+04 1.42691345768905e+04 2.24370114516365e+04 2.24587289728217e+04 3.01158807430345e-18 5.47852079293014e-18 2.73586819860773e-18 2.39936947078770e-18 2.40167585244577e-18
255 4.15198277208113e-14 9.09437721001210e+04 3.10884792506637e+04 1.49699014513427e+04 2.24262772908267e+04 2.24591141072879e+04 3.12144035129449e-18 5.95980413026118e-18 2.86979880167057e-18 2.39822398451945e-18 2.40171703768597e-18
306 4.98237932649736e-14 9.58194849528462e+04 3.52812473772648e+04 1.56377981934592e+04 2.24417293449919e+04 2.24587100371302e+04 3.28870147683181e-18 6.76307072612180e-18 2.99761326611530e-18 2.39987960517136e-18 2.40167382751403e-18
357 5.81277588091358e-14 9.88752043795209e+04 3.76658104441584e+04 1.63077942234579e+04 2.24430929239428e+04 2.24585067879617e+04 3.39339857118523e-18 7.21908740664986e-18 3.12557702915592e-18 2.40002782933556e-18 2.40165209259659e-18
408 6.64317243532977e-14 1.03933645189977e+05 4.21281821110070e+04 1.69140542493299e+04 2.24333540583920e+04 2.24580547712482e+04 3.56614404936457e-18 8.06891721170447e-18 3.23959156586684e-18 2.39898637090434e-18 2.40160375514940e-18
459 7.47356898974597e-14 1.06786383780923e+05 4.41568918037736e+04 1.77338367091697e+04 2.24380583756989e+04 2.24575968922804e+04 3.66353716728041e-18 8.45431943216966e-18 3.39533681318675e-18 2.39949104618122e-18 2.40155639541319e-18
510 8.30396554416217e-14 1.11186885039499e+05 4.78276744499813e+04 1.84628675322414e+04 2.24395775534273e+04 2.24567655038490e+04 3.81379217456324e-18 9.15234086975286e-18 3.53306864762755e-18 2.39965590971140e-18 2.40146829119256e-18
561 9.13436209857836e-14 1.15634625500326e+05 5.14254672399251e+04 1.93182299077973e+04 2.24341352914166e+04 2.24567930611867e+04 3.96550351733249e-18 9.83493778538513e-18 3.69454279103658e-18 2.39907472358017e-18 2.40147123810282e-18
612 9.96475865299456e-14 1.18596692471186e+05 5.37832394714510e+04 1.99188961589173e+04 2.24377985437203e+04 2.24567582970973e+04 4.06643066923169e-18 1.02812463612838e-17 3.80771185721092e-18 2.39946806983313e-18 2.40146832279491e-18
663 1.07951552074108e-13 1.23219238491482e+05 5.77320349884781e+04 2.05915467821040e+04 2.24387689682736e+04 2.24568877526265e+04 4.22436331193473e-18 1.10319835773671e-17 3.93482762175445e-18 2.39957184573276e-18 2.40148377099651e-18
714 1.16255517618270e-13 1.26728948575570e+05 6.04978580861395e+04 2.13382869588935e+04 2.24358323068005e+04 2.24569712237370e+04 4.34434068414930e-18 1.15579158284936e-17 4.07660919571695e-18 2.39926100927780e-18 2.40149269718964e-18
765 1.24559483162432e-13 1.31629381390030e+05 6.46577605846660e+04 2.20738141039531e+04 2.24410220801119e+04 2.24567846212991e+04 4.51160557074634e-18 1.23471245380340e-17 4.21524236698597e-18 2.39981599741387e-18 2.40147274238864e-18
816 1.32863448706595e-13 1.35196129806645e+05 6.75208632880352e+04 2.27759246544859e+04 2.24430488261490e+04 2.24562930379753e+04 4.63311245332057e-18 1.28880996221921e-17 4.34737311758528e-18 2.40003353701009e-18 2.40142017368957e-18
867 1.41167414250757e-13 1.40010062726143e+05 7.16642657519673e+04 2.34484762299379e+04 2.24409032082458e+04 2.24564175359925e+04 4.79782803779600e-18 1.36769360336376e-17 4.47507982001935e-18 2.39980569058511e-18 2.40143348719815e-18
918 1.49471379794920e-13 1.43104949390943e+05 7.40172218141049e+04 2.41886007617172e+04 2.24425162941854e+04 2.24566105209353e+04 4.90349067314396e-18 1.41228339029051e-17 4.61529874438382e-18 2.39997979580983e-18 2.40145492679840e-18
969 1.57775345339083e-13 1.47938445985666e+05 7.81392972936044e+04 2.48986246526675e+04 2.24437463077841e+04 2.24567777316097e+04 5.06802649019682e-18 1.49004634040246e-17 4.74794448244907e-18 2.40011133220918e-18 2.40147441245198e-18
1020 1.66079310883245e-13 1.51064042711473e+05 8.06881937498246e+04 2.54787723286608e+04 2.24407675480045e+04 2.24563090849832e+04 5.17455002162153e-18 1.53819333987738e-17 4.85712668518911e-18 2.39979278667738e-18 2.40142670328030e-18
1071 1.74383276427408e-13 1.55965717915534e+05 8.47386115613032e+04 2.63277336433489e+04 2.24430059850578e+04 2.24563667258238e+04 5.34159523798113e-18 1.61468695851766e-17 5.01672701239482e-18 2.40003296465809e-18 2.40143286726091e-18
1122 1.82687241971570e-13 1.60599175720981e+05 8.87615230140966e+04 2.69360041224020e+04 2.24447654334645e+04 2.24568831510179e+04 5.49866819547278e-18 1.68995993575635e-17 5.12843473731270e-18 2.40022272207776e-18 2.40148889488154e-18
1173 1.90991207515733e-13 1.63527820711332e+05 9.10266052485296e+04 2.76019018476912e+04 2.24422375681996e+04 2.24570760469115e+04 5.59789564347910e-18 1.73218407565275e-17 5.25248356870623e-18 2.39995399803520e-18 2.40151192961014e-18
1224 1.99295173059896e-13 1.68760417040691e+05 9.56701405878415e+04 2.81891107819566e+04 2.24442341901308e+04 2.24569314807625e+04 5.77578474468196e-18 1.81946624168542e-17 5.36103899667718e-18 2.40016911880973e-18 2.40149727230061e-18
1275 2.07599138604058e-13 1.71888277844048e+05 9.81874053503379e+04 2.87974000077586e+04 2.24462770358745e+04 2.24571954500772e+04 5.88205204230706e-18 1.86664673804245e-17 5.47469123934858e-18 2.40039078686978e-18 2.40152630292372e-18
1326 2.15903104148221e-13 1.76828895950677e+05 1.02450069966552e+05 2.94754556238825e+04 2.24451066694172e+04 2.24582636908252e+04 6.04950549010646e-18 1.94623964463630e-17 5.59943983421848e-18 2.40026643050186e-18 2.40164134072822e-18
1377 2.24207069692383e-13 1.80134102499024e+05 1.05086704782676e+05 3.01411112482104e+04 2.24458219337965e+04 2.24604645343413e+04 6.16143037471682e-18 1.99529155405693e-17 5.72292230761423e-18 2.40034372236448e-18 2.40187910173254e-18
1428 2.32511035236545e-13 1.84226564353074e+05 1.08463352598290e+05 3.08537139533179e+04 2.24481227446957e+04 2.24613750567707e+04 6.30023495421042e-18 2.05833598271039e-17 5.85518593230073e-18 2.40058976980327e-18 2.40197807615713e-18
1479 2.40815000780707e-13 1.87313197120259e+05 1.10930140065257e+05 3.14756699085590e+04 2.24457330651915e+04 2.24616540812513e+04 6.40476888185727e-18 2.10421319948079e-17 5.97056129606689e-18 2.40033662453794e-18 2.40200871698100e-18
