#[0]step() [1]time(s) [2]total(J) [3]piston_electrons(J) [4]piston_ions(J) [5]amb_electrons(J) [6]amb_ions(J) [7]total_mean(J) [8]piston_electrons_mean(J) [9]piston_ions_mean(J) [10]amb_electrons_mean(J) [11]amb_ions_mean(J)
0 0.00000000000000e+00 7.00041806836287e+04 1.26800757923692e+04 1.23967616788296e+04 2.24683464188690e+04 2.24589967935610e+04 2.40427582819522e-18 2.43520398828399e-18 2.38079361483465e-18 2.40270271079469e-18 2.40170288777017e-18
7 1.13975997664972e-14 8.57060280458294e+04 2.79365283967601e+04 1.28988058623333e+04 2.24120403945624e+04 2.24586533921737e+04 2.94244965675466e-18 5.35957294502074e-18 2.47461280589373e-18 2.39668870664837e-18 2.40166616537731e-18
14 2.27951995329944e-14 8.56864506790851e+04 2.73209554245108e+04 1.34663394901987e+04 2.24415924497274e+04 2.24575633146482e+04 2.94177973743948e-18 5.24147637264435e-18 2.58349311607750e-18 2.39985374145900e-18 2.40155039780689e-18
21 3.41927992994916e-14 1.01410113321320e+05 4.22772620286757e+04 1.42506755727218e+04 2.24253633138691e+04 2.24568124060530e+04 3.47936894043650e-18 8.09625975676568e-18 2.72905967912239e-18 2.39812624553975e-18 2.40147250451758e-18
28 4.55903990659888e-14 1.01339995772123e+05 4.22007446671945e+04 1.42530716216724e+04 2.24295260893445e+04 2.24566533939119e+04 3.47696507905144e-18 8.08160638507776e-18 2.72951853179551e-18 2.39857461018212e-18 2.40145630244650e-18
35 5.69879988324860e-14 1.01294125579359e+05 4.13673477000280e+04 1.50375816843912e+04 2.24334189645079e+04 2.24557772304316e+04 3.47539276738862e-18 7.92200763144739e-18 2.87975525349380e-18 2.39899251040493e-18 2.40136421227291e-18
42 6.83855985989831e-14 1.16756804191268e+05 5.60490747654510e+04 1.58348610267986e+04 2.24186392995455e+04 2.24542290994727e+04 4.00377279010178e-18 1.07175854528412e-17 3.02790861220765e-18 2.39741600225132e-18 2.40119946123498e-18
49 7.97831983654803e-14 1.16805582320749e+05 5.60712490276518e+04 1.58435162442798e+04 2.24357738367585e+04 2.24550432120592e+04 4.00544718456937e-18 1.07218255683291e-17 3.02956364457626e-18 2.39924994730340e-18 2.40128812484052e-18
56 9.11807981319774e-14 1.16752913191060e+05 5.51226417501973e+04 1.67576922138593e+04 2.24178219972801e+04 2.24547572297236e+04 4.00364236395748e-18 1.05404348923928e-17 3.20437043869200e-18 2.39733100385992e-18 2.40125914699010e-18
63 1.02578397898475e-13 1.32966179061194e+05 7.02484685970819e+04 1.78274606700741e+04 2.24354893091109e+04 2.24547604849268e+04 4.55730337838207e-18 1.34137326559689e-17 3.40409970692382e-18 2.39922032185040e-18 2.40126190171374e-18
70 1.13975997664972e-13 1.32814604789807e+05 7.00886151099861e+04 1.78481136962811e+04 2.24231805465160e+04 2.24546954370238e+04 4.55210927319275e-18 1.33832091159850e-17 3.40804333982587e-18 2.39790484082613e-18 2.40125574784173e-18
77 1.25373597431469e-13 1.32772469205762e+05 6.90078720760979e+04 1.88810084734557e+04 2.24293835855231e+04 2.24542050706855e+04 4.55066657313193e-18 1.31768445016968e-17 3.60527147418184e-18 2.39856898680895e-18 2.40120491352121e-18
84 1.36771197197966e-13 1.49076723401442e+05 8.42923052106892e+04 1.99018161287354e+04 2.24292683431733e+04 2.24533337188442e+04 5.10633974733549e-18 1.60678043443247e-17 3.79368540051143e-18 2.39855906687684e-18 2.40111253516764e-18
91 1.48168796964463e-13 1.49070681324276e+05 8.33458974159739e+04 2.08426440901895e+04 2.24296143254255e+04 2.24525254926875e+04 5.10613278746890e-18 1.58874000329535e-17 3.97302608372717e-18 2.39859606580410e-18 2.40102610515327e-18
98 1.59566396730960e-13 1.49043129205720e+05 8.32810440181612e+04 2.08774835549764e+04 2.24330946444439e+04 2.24515069881383e+04 5.10519068091509e-18 1.58750376743192e-17 3.97966718462312e-18 2.39896904839667e-18 2.40091879259523e-18
105 1.70963996497458e-13 1.65200969774454e+05 9.84879753222145e+04 2.18347042319576e+04 2.24284314990073e+04 2.24498587212743e+04 5.65501799334756e-18 1.87403040690728e-17 4.15471020930675e-18 2.39847197961438e-18 2.40074333230300e-18
112 1.82361596263955e-13 1.65238632387680e+05 9.75935519412468e+04 2.27590060846527e+04 2.24371757218009e+04 2.24488986399801e+04 5.65631025205058e-18 1.85701130780306e-17 4.33058647962750e-18 2.39940948204535e-18 2.40064226711959e-18
119 1.93759196030452e-13 1.65246459641054e+05 9.75601296362357e+04 2.28043856753055e+04 2.24336029777268e+04 2.24483413517860e+04 5.65658121257860e-18 1.85637534777185e-17 4.33922131372356e-18 2.39902982072478e-18 2.40058427575331e-18
126 2.05156795796949e-13 1.80802618930385e+05 1.11979179981022e+05 2.39268330044966e+04 2.24485437271409e+04 2.24480622177256e+04 6.18462522082121e-18 2.12647499256610e-17 4.54368499965712e-18 2.40062917537156e-18 2.40055602962014e-18
133 2.16554395563446e-13 1.80779548233725e+05 1.10938474616693e+05 2.49385644191364e+04 2.24551547373245e+04 2.24473544605711e+04 6.18383869625831e-18 2.10671208724523e-17 4.73581192475066e-18 2.40133695371614e-18 2.40048274917492e-18
140 2.27951995329943e-13 1.80717189348830e+05 1.10789406355606e+05 2.50220932549781e+04 2.24586253586178e+04 2.24470643796280e+04 6.18170759777605e-18 2.10388129379379e-17 4.75167397880443e-18 2.40171050638917e-18 2.40045172840136e-18
147 2.39349595096441e-13 1.96809762623365e+05 1.25745631355552e+05 2.61592717771045e+04 2.24581025190171e+04 2.24467569716915e+04 6.72804454887089e-18 2.38383285713835e-17 4.95916485597416e-18 2.40165459426889e-18 2.40041885470794e-18
154 2.50747194862938e-13 1.96609599031238e+05 1.24627648878664e+05 2.70761175905784e+04 2.24586447665671e+04 2.24471877954286e+04 6.72120256971136e-18 2.36263861497359e-17 5.13297663388865e-18 2.40171258186239e-18 2.40046572822752e-18
161 2.62144794629435e-13 2.12351682113430e+05 1.38995621596469e+05 2.84473182514271e+04 2.24592642819975e+04 2.24494779835362e+04 7.25509476985784e-18 2.63073601983673e-17 5.38415411451271e-18 2.40177883243180e-18 2.40071304330211e-18
168 2.73542394395933e-13 2.12298342669626e+05 1.38861014193887e+05 2.85281368109792e+04 2.24595551377273e+04 2.24496365270319e+04 7.25327395109890e-18 2.62818833856129e-17 5.39945044494694e-18 2.40181154115638e-18 2.40072999770249e-18
175 2.84939994162430e-13 2.12512859332887e+05 1.37991121651382e+05 2.96065565747276e+04 2.24636633138213e+04 2.24515177929555e+04 7.26060766475916e-18 2.61172409588465e-17 5.60356030714341e-18 2.40225247217917e-18 2.40093438583352e-18
182 2.96337593928927e-13 2.29568596423250e+05 1.53897223246930e+05 3.07586459910567e+04 2.24632289958725e+04 2.24494981893904e+04 7.83747307429326e-18 2.90675951052201e-17 5.80959063971072e-18 2.40220602644359e-18 2.40072162034367e-18
189 3.07735193695425e-13 2.29753513904430e+05 1.53982461432035e+05 3.08559048757629e+04 2.24660385994095e+04 2.24491089972224e+04 7.84378615806123e-18 2.90836946098106e-17 5.82796057401740e-18 2.40250648398466e-18 2.40068000061372e-18
196 3.19132793461922e-13 2.29858810727623e+05 1.53074889246242e+05 3.18720748455939e+04 2.24622835384345e+04 2.24495630973532e+04 7.84738182911142e-18 2.89122753972426e-17 6.01989137444345e-18 2.40210491971687e-18 2.40072936355809e-18
