#[0]step() [1]time(s) [2]total(J) [3]piston_electrons(J) [4]piston_ions(J) [5]amb_electrons(J) [6]amb_ions(J) [7]total_mean(J) [8]piston_electrons_mean(J) [9]piston_ions_mean(J) [10]amb_electrons_mean(J) [11]amb_ions_mean(J)
0 0.00000000000000e+00 6.99482471981223e+04 1.23554671971762e+04 1.26469568055672e+04 2.24617282967022e+04 2.24840948986767e+04 2.40235480682368e-18 2.37286302450854e-18 2.42884349879911e-18 2.40199498714750e-18 2.40438680958933e-18
7 1.13975997664972e-15 7.14068874835481e+04 1.38003879791494e+04 1.26621409477703e+04 2.24603958856241e+04 2.24839626710042e+04 2.45232014064908e-18 2.64996206575833e-18 2.43139491683658e-18 2.40185330519962e-18 2.40437266952840e-18
14 2.27951995329944e-15 7.14079715689602e+04 1.37598831824820e+04 1.27071991070835e+04 2.24568406590353e+04 2.24840486203594e+04 2.45235763440398e-18 2.64218430075547e-18 2.44004702235080e-18 2.40147392126652e-18 2.40438186071430e-18
21 3.41927992994916e-15 7.30996530436517e+04 1.54379172756511e+04 1.27260042027003e+04 2.24515854083662e+04 2.24841461569340e+04 2.51038810598565e-18 2.96417954466159e-18 2.44347476860870e-18 2.40091354312082e-18 2.40439229100534e-18
28 4.55903990659888e-15 7.30732578711953e+04 1.54199086599531e+04 1.27241328423153e+04 2.24451342341105e+04 2.24840821348165e+04 2.50948164303773e-18 2.96072177446329e-18 2.44311545536229e-18 2.40022367149893e-18 2.40438544465748e-18
35 5.69879988324859e-15 7.30643269411376e+04 1.53888034720856e+04 1.27538636565371e+04 2.24379265327746e+04 2.24837332797403e+04 2.50917547545653e-18 2.95474937806010e-18 2.44882396317386e-18 2.39945450206049e-18 2.40434813906224e-18
42 6.83855985989831e-15 7.47148797889867e+04 1.70125260887375e+04 1.27886067473455e+04 2.24302094669257e+04 2.24835374859780e+04 2.56579050189378e-18 3.26626967514760e-18 2.45531076269122e-18 2.39863086141895e-18 2.40432720141980e-18
49 7.97831983654803e-15 7.46798170246867e+04 1.69838339192310e+04 1.27901563169772e+04 2.24223697756901e+04 2.24834570127884e+04 2.56458695857891e-18 3.26076100684728e-18 2.45560826773376e-18 2.39779410641387e-18 2.40431859583989e-18
56 9.11807981319774e-15 7.46493272025362e+04 1.69164972649210e+04 1.28343915176013e+04 2.24149741228837e+04 2.24834642971302e+04 2.56354017961452e-18 3.24783290487986e-18 2.46410107436454e-18 2.39700403393612e-18 2.40431937480721e-18
63 1.02578397898475e-14 7.61640682184550e+04 1.83839656608889e+04 1.28881716241584e+04 2.24085194521104e+04 2.24834114812972e+04 2.61555833635452e-18 3.52957516325974e-18 2.47442642700514e-18 2.39631378679166e-18 2.40431453005159e-18
70 1.13975997664972e-14 7.61710851703649e+04 1.83907921813220e+04 1.28935561803055e+04 2.24033891900552e+04 2.24833476186823e+04 2.61579930624351e-18 3.53088580087823e-18 2.47546021895146e-18 2.39576516876632e-18 2.40430770075821e-18
77 1.25373597431469e-14 7.61586529317372e+04 1.82831360355975e+04 1.29925026432237e+04 2.23997455335178e+04 2.24832687193983e+04 2.61537293058893e-18 3.51021667729898e-18 2.49445715271704e-18 2.39537632504027e-18 2.40430006670322e-18
84 1.36771197197966e-14 7.77045465789529e+04 1.97628057076400e+04 1.30606968739453e+04 2.23979842364800e+04 2.24830597608876e+04 2.66846092578802e-18 3.79430148362458e-18 2.50754990253351e-18 2.39518877623789e-18 2.40427772124413e-18
91 1.48168796964463e-14 7.77107964067936e+04 1.96566825375035e+04 1.31736207708141e+04 2.23975325526626e+04 2.24829605458135e+04 2.66867583816040e-18 3.77392667916347e-18 2.52923039242773e-18 2.39514127437433e-18 2.40426711145193e-18
98 1.59566396730960e-14 7.77018162592515e+04 1.96451833803081e+04 1.31750411938755e+04 2.23986474191540e+04 2.24829442659139e+04 2.66836773610009e-18 3.77171893245723e-18 2.52950310235612e-18 2.39526129586794e-18 2.40426537052341e-18
105 1.70963996497458e-14 7.92327012073678e+04 2.11040991500560e+04 1.32445547690328e+04 2.24006955600149e+04 2.24833517282641e+04 2.72094033841319e-18 4.05181915463864e-18 2.54284915580893e-18 2.39548111975037e-18 2.40430894344726e-18
112 1.82361596263955e-14 7.92535116863373e+04 2.09886499105429e+04 1.33772467628268e+04 2.24044154105476e+04 2.24831996024201e+04 2.72165557771073e-18 4.02965381904569e-18 2.56832496305845e-18 2.39588051320543e-18 2.40429267552014e-18
119 1.93759196030452e-14 7.92294023574308e+04 2.09593465931088e+04 1.33780931752175e+04 2.24087474510482e+04 2.24832151380563e+04 2.72082763598175e-18 4.02402781520495e-18 2.56848746750429e-18 2.39634377239911e-18 2.40429433685914e-18
126 2.05156795796949e-14 8.07294962273154e+04 2.22943366097293e+04 1.35383062866012e+04 2.24137131338490e+04 2.24831401971359e+04 2.77226850585160e-18 4.28001438984158e-18 2.59905224968428e-18 2.39687559269500e-18 2.40428632287940e-18
133 2.16554395563447e-14 8.07491994274121e+04 2.21649913044175e+04 1.36827059651695e+04 2.24185737478550e+04 2.24829284099700e+04 2.77294541552158e-18 4.25518298186186e-18 2.62677376089047e-18 2.39739617750535e-18 2.40426367493158e-18
140 2.27951995329944e-14 8.07258045140009e+04 2.21351445007536e+04 1.36846243798857e+04 2.24230899836978e+04 2.24829456496637e+04 2.77214202900691e-18 4.24945306258199e-18 2.62714205364278e-18 2.39787913447969e-18 2.40426551849788e-18
147 2.39349595096441e-14 8.22348797683288e+04 2.35061796812853e+04 1.38189767589531e+04 2.24272609081946e+04 2.24824624198958e+04 2.82388917996654e-18 4.51232289657023e-18 2.65273583721651e-18 2.39832756825412e-18 2.40421384321091e-18
154 2.50747194862938e-14 8.22473544429014e+04 2.33425710006826e+04 1.39924682808882e+04 2.24297671438358e+04 2.24825480174948e+04 2.82431755170671e-18 4.48091604077438e-18 2.68603983545880e-18 2.39859558020866e-18 2.40422299678708e-18
161 2.62144794629436e-14 8.39627639843531e+04 2.49018885773121e+04 1.41469898437294e+04 2.24315676978814e+04 2.24823178654302e+04 2.88314652016247e-18 4.77988941459176e-18 2.71549873787438e-18 2.39878892933221e-18 2.40419838494656e-18
168 2.73542394395933e-14 8.39598106213031e+04 2.48967153798962e+04 1.41487705146819e+04 2.24320205437427e+04 2.24823041829823e+04 2.88304541569362e-18 4.77889642518492e-18 2.71584053565450e-18 2.39883815720225e-18 2.40419692178252e-18
175 2.84939994162430e-14 8.39105993296244e+04 2.47347093144634e+04 1.42628319786245e+04 2.24308405945225e+04 2.24822174420140e+04 2.88135557876063e-18 4.74779954372319e-18 2.73773450495805e-18 2.39871197564820e-18 2.40418764593751e-18
182 2.96337593928927e-14 8.55652593541977e+04 2.62503386023736e+04 1.44043318585333e+04 2.24281480016532e+04 2.24824408916376e+04 2.93785879665987e-18 5.03721258003661e-18 2.76406650382275e-18 2.39842403482253e-18 2.40421154103708e-18
189 3.07735193695425e-14 8.55553101692513e+04 2.62418875066585e+04 1.44055019364780e+04 2.24255315169280e+04 2.24823892091869e+04 2.93751719422992e-18 5.03559088797785e-18 2.76429103164435e-18 2.39814423285889e-18 2.40420601425531e-18
196 3.19132793461922e-14 8.55181342301532e+04 2.61117730904117e+04 1.45020551949292e+04 2.24220636554248e+04 2.24822422893875e+04 2.93624076895490e-18 5.01062305863705e-18 2.78281876553308e-18 2.39777338626120e-18 2.40419030304856e-18
