#[0]step() [1]time(s) [2]total(J) [3]piston_electrons(J) [4]piston_ions(J) [5]amb_electrons(J) [6]amb_ions(J) [7]total_mean(J) [8]piston_electrons_mean(J) [9]piston_ions_mean(J) [10]amb_electrons_mean(J) [11]amb_ions_mean(J)
0 0.00000000000000e+00 7.00191499102265e+04 1.26800757923692e+04 1.23967616788296e+04 2.24748248509080e+04 2.24674875881198e+04 2.40478994248560e-18 2.43520398828399e-18 2.38079361483465e-18 2.40339549636651e-18 2.40261086981402e-18
51 8.30396554416223e-15 7.45005494681701e+04 1.69770749428689e+04 1.26089215325880e+04 2.24474162425508e+04 2.24671367501624e+04 2.55856713543920e-18 3.25995215888902e-18 2.42117568013022e-18 2.40046930736417e-18 2.40257415481674e-18
102 1.66079310883245e-14 7.92080350940047e+04 2.12981925608072e+04 1.30125110696673e+04 2.24303712920575e+04 2.24669601714727e+04 2.71994737430364e-18 4.08847048949416e-18 2.49792405391487e-18 2.39865537860941e-18 2.40255527197463e-18
153 2.49118966324867e-14 8.25505278092342e+04 2.40952772575681e+04 1.35419380476379e+04 2.24460635828775e+04 2.24672489211507e+04 2.83442272705566e-18 4.62402147495625e-18 2.59877533989102e-18 2.40033508203660e-18 2.40258615007543e-18
204 3.32158621766490e-14 8.74549382809033e+04 2.83422640251202e+04 1.42055214022057e+04 2.24404370845510e+04 2.24667157690264e+04 3.00265857735927e-18 5.43822743653635e-18 2.72571224978036e-18 2.39973499947306e-18 2.40252993887276e-18
255 4.15198277208113e-14 9.06462649918524e+04 3.09583108810668e+04 1.47912367291314e+04 2.24297608887119e+04 2.24669564929423e+04 3.11156306177411e-18 5.93662795613912e-18 2.83639730246831e-18 2.39859571261690e-18 2.40255728651191e-18
306 4.98237932649736e-14 9.54955669263359e+04 3.51715520790508e+04 1.54153274561277e+04 2.24414001079713e+04 2.24672872831861e+04 3.27758541837312e-18 6.74204320823924e-18 2.95496779740563e-18 2.39984439713552e-18 2.40259426565045e-18
357 5.81277588091358e-14 9.86533722977033e+04 3.76172067387280e+04 1.61280952931041e+04 2.24417485927234e+04 2.24663216731478e+04 3.38533267316256e-18 7.20707488870533e-18 3.08997931177883e-18 2.39988326699157e-18 2.40249100578149e-18
408 6.64317243532977e-14 1.03452392167563e+05 4.16389316291228e+04 1.69134809577976e+04 2.24328622844180e+04 2.24671172962247e+04 3.54953782372589e-18 7.97461337442780e-18 3.23923948519003e-18 2.39893297996204e-18 2.40257689032368e-18
459 7.47356898974597e-14 1.06387380750156e+05 4.40151463972671e+04 1.74639109421114e+04 2.24425054796710e+04 2.24658179311070e+04 3.64965331999640e-18 8.42592077449123e-18 3.34315666436446e-18 2.39996500900125e-18 2.40243793949333e-18
510 8.30396554416217e-14 1.11165605011408e+05 4.80774718711320e+04 1.81760797932240e+04 2.24457855267352e+04 2.24662678203164e+04 3.81306225390236e-18 9.20014229796462e-18 3.47818872350542e-18 2.40031737568861e-18 2.40248685212584e-18
561 9.13436209857836e-14 1.15717702352007e+05 5.18267888834119e+04 1.89814866352190e+04 2.24428947519724e+04 2.24665320814037e+04 3.96835292950098e-18 9.91168912295113e-18 3.63014183732228e-18 2.40000984432233e-18 2.40251511154982e-18
612 9.96475865299456e-14 1.18718004907897e+05 5.42087493331022e+04 1.95946535753585e+04 2.24481978974449e+04 2.24664041019914e+04 4.07059196116020e-18 1.03625871611275e-17 3.74572938990052e-18 2.40058176674066e-18 2.40250142574950e-18
663 1.07951552074108e-13 1.23213002503517e+05 5.79812689254867e+04 2.03165081055159e+04 2.24490626516949e+04 2.24661628208195e+04 4.22358633866448e-18 1.10754772242375e-17 3.88082266857340e-18 2.40067584649936e-18 2.40247642635185e-18
714 1.16255517618270e-13 1.26063458499243e+05 6.02035281262984e+04 2.09482038291081e+04 2.24458546711291e+04 2.24658718727074e+04 4.32060234830896e-18 1.14948245286044e-17 3.99969793630501e-18 2.40033278890360e-18 2.40244531307335e-18
765 1.24559483162432e-13 1.30779837970961e+05 6.42144234364800e+04 2.16500317375475e+04 2.24490392022708e+04 2.24663435946626e+04 4.48117028662917e-18 1.22524138860803e-17 4.13092783987392e-18 2.40067574490416e-18 2.40249656048214e-18
816 1.32863448706595e-13 1.34050570283242e+05 6.67607287105510e+04 2.23731891022133e+04 2.24504080220456e+04 2.24662444484323e+04 4.59225973334497e-18 1.27306723944522e-17 4.26636656580398e-18 2.40082372913577e-18 2.40248595802357e-18
867 1.41167414250757e-13 1.39206534880782e+05 7.12139425297212e+04 2.30809385225692e+04 2.24452575114400e+04 2.24663963170510e+04 4.76787051325945e-18 1.35717752877522e-17 4.39870761161690e-18 2.40027293878635e-18 2.40250219848712e-18
918 1.49471379794920e-13 1.42885829199038e+05 7.41739789182564e+04 2.37978843966236e+04 2.24470781170478e+04 2.24668877671106e+04 4.89231820112019e-18 1.41232787433603e-17 4.53129466340459e-18 2.40046763249259e-18 2.40255635824741e-18
969 1.57775345339083e-13 1.46988830001550e+05 7.76971495170001e+04 2.43765787811560e+04 2.24478493489562e+04 2.24672523544374e+04 5.03159294501747e-18 1.47842231753176e-17 4.63837841145601e-18 2.40055090922504e-18 2.40259695166748e-18
1020 1.66079310883245e-13 1.49649540501429e+05 7.96553795213331e+04 2.50824611130463e+04 2.24449466068244e+04 2.24667532602248e+04 5.12198792818397e-18 1.51512063510462e-17 4.77092126607817e-18 2.40024129471508e-18 2.40254357966565e-18
1071 1.74383276427408e-13 1.55025039114161e+05 8.42218732899710e+04 2.58890480952320e+04 2.24466993029926e+04 2.24674184259655e+04 5.30554837913713e-18 1.60162277001835e-17 4.92324467548517e-18 2.40042872638038e-18 2.40261631629886e-18
1122 1.82687241971570e-13 1.59739086836465e+05 8.82731613018567e+04 2.65489405408655e+04 2.24490874428962e+04 2.24678975508468e+04 5.46586131868141e-18 1.67779276791020e-17 5.04611138631614e-18 2.40068491382014e-18 2.40267076357339e-18
1173 1.90991207515733e-13 1.63206342652927e+05 9.10523432415348e+04 2.72375956159021e+04 2.24477533901329e+04 2.24686504053570e+04 5.58360839669608e-18 1.72984583910559e-17 5.17469839501241e-18 2.40054305341288e-18 2.40275287770035e-18
1224 1.99295173059896e-13 1.67807950678725e+05 9.49354110035521e+04 2.79544133840049e+04 2.24494524190787e+04 2.24686738720895e+04 5.74073285728655e-18 1.80335020656192e-17 5.31009415954142e-18 2.40072554811615e-18 2.40275618989464e-18
1275 2.07599138604058e-13 1.71026582643902e+05 9.74604295649051e+04 2.86455833056632e+04 2.24518491162542e+04 2.24687206570795e+04 5.84990614410271e-18 1.85049071971352e-17 5.43896495270510e-18 2.40098345314471e-18 2.40276119299029e-18
1326 2.15903104148221e-13 1.75879979801726e+05 1.01629141794963e+05 2.93311655222907e+04 2.24512841952803e+04 2.24683882891911e+04 6.01543478141119e-18 1.92921333972698e-17 5.56789861607860e-18 2.40092384303630e-18 2.40272725561433e-18
1377 2.24207069692383e-13 1.79538094889876e+05 1.04740634764881e+05 2.98764343433955e+04 2.24529492783217e+04 2.24680765032779e+04 6.14022331081202e-18 1.98798368878226e-17 5.67056561066013e-18 2.40110270795936e-18 2.40269551919228e-18
1428 2.32511035236545e-13 1.84662441886527e+05 1.09194849850310e+05 3.05433998654426e+04 2.24558795221003e+04 2.24683126486747e+04 6.31379213436642e-18 2.07098998873835e-17 5.79286252328542e-18 2.40141767072364e-18 2.40272157485277e-18
1479 2.40815000780707e-13 1.88538110110356e+05 1.12407305868845e+05 3.12056027171668e+04 2.24548889425996e+04 2.24703125817447e+04 6.44475620050813e-18 2.13049732214962e-17 5.91451351948252e-18 2.40131173877318e-18 2.40293544415442e-18
